0.70143 
0.12112 
0.85922 
0.39333 
0.16558 
0.63079 
0.75803 
0.97782 
-0.99896 
0.73088 
0.22513 
0.9799 
0.05536 
-0.040953 
0.6027 
-0.54431 
-0.0038114 
0.8017 
0.14932 
0.69036 
0.47728 
0.17197 
-0.50653 
0.33283 
-0.83303 
0.25192 
0.32189 
0.4595 
0.7815 
0.96461 
0.53806 
0.16289 
0.85663 
0.16018 
-0.96603 
-0.75828 
0.72542 
-0.031407 
0.68971 
-0.58119 
0.10458 
0.25977 
-0.93602 
0.22943 
-0.27518 
-0.90093 
-0.02086 
-0.61498 
-0.75383 
-0.58901 
-0.70697 
-0.62186 
-0.9147 
0.2704 
-0.43627 
0.077193 
0.39033 
-0.001768 
0.071602 
-0.10963 
-0.75214 
-0.019285 
0.706 
0.74785 
-0.45941 
-0.58308 
0.12996 
0.28062 
-0.16594 
-0.58805 
0.89587 
-0.83586 
-0.78858 
-0.71592 
-0.66708 
0.24192 
0.14742 
-0.89584 
0.8624 
0.45732 
0.47568 
-0.87319 
0.72088 
0.86881 
0.9688 
0.71788 
0.57112 
0.026755 
-0.6448 
-0.20282 
-0.73214 
-0.93822 
0.87828 
-0.39739 
-0.40893 
-0.33413 
-0.065864 
0.2964 
-0.94954 
0.68441 
0.11807 
0.7082 
-0.30424 
-0.10795 
-0.89152 
-0.64578 
0.32562 
-0.33834 
0.79697 
-0.76369 
0.97684 
0.079964 
0.41383 
0.99898 
-0.4243 
-0.17095 
-0.07032 
0.52791 
0.63641 
-0.79956 
-0.64377 
-0.28073 
-0.88659 
0.043771 
-0.3283 
-0.64866 
-0.58211 
0.81031 
0.35078 
-0.063064 
0.82426 
-0.79198 
0.49109 
0.47253 
0.12372 
-0.63161 
0.19442 
-0.40013 
-0.73175 
-0.5748 
0.78988 
-0.85709 
-0.51503 
-0.89249 
-0.11656 
-0.97343 
0.79438 
-0.60668 
-0.81326 
-0.38527 
-0.087885 
-0.79666 
0.99078 
-0.33581 
-0.40531 
-0.87591 
-0.40351 
-0.9073 
0.010856 
0.52285 
0.26214 
-0.82022 
-0.83828 
0.55448 
0.81027 
0.067544 
-0.78169 
0.65162 
-0.3238 
-0.41205 
0.49263 
-0.97933 
-0.90311 
0.33583 
0.20694 
0.052205 
0.45942 
0.41451 
0.56275 
-0.42405 
0.38506 
0.11334 
-0.20696 
-0.87682 
0.56035 
-0.32483 
0.21573 
0.48251 
-0.79037 
-0.74422 
0.09908 
-0.029541 
0.78095 
0.59792 
0.46868 
-0.89734 
-0.85423 
-0.82295 
0.5967 
0.88602 
0.36743 
-0.73583 
0.44545 
-0.77929 
-0.76501 
0.28144 
-0.34237 
0.30762 
0.49826 
0.16637 
0.48006 
-0.53035 
0.46992 
0.9412 
0.73386 
-0.82753 
-0.26713 
-0.2616 
0.37006 
0.19588 
0.57873 
-0.26469 
-0.58794 
-0.82667 
0.54387 
-0.58865 
-0.22346 
0.10356 
-0.54209 
0.28388 
-0.031039 
-0.69631 
0.56386 
-0.79879 
-0.41187 
-0.52525 
0.061745 
-0.817 
-0.18937 
-0.79031 
-0.77543 
0.56886 
-0.41686 
0.20707 
0.92885 
-0.13503 
0.3895 
0.5162 
-0.13472 
0.311 
-0.78049 
0.86752 
-0.62508 
-0.46764 
0.59566 
-0.024792 
0.53792 
-0.20799 
-0.45412 
-0.92553 
0.34659 
-0.14087 
-0.096522 
0.21971 
-0.88119 
-0.36838 
0.54544 
0.39287 
-0.74934 
-0.7397 
-0.8153 
-0.98436 
-0.15378 
0.31115 
0.44585 
0.062419 
-0.78236 
0.26353 
-0.747 
-0.73139 
-0.80281 
-0.71595 
-0.6635 
-0.6075 
-0.36504 
-0.36714 
-0.56487 
-0.49792 
0.78584 
0.40645 
0.11148 
-0.63113 
-0.57594 
-0.84531 
0.8276 
0.41343 
0.11558 
-0.37314 
-0.66759 
0.24499 
0.97587 
-0.65914 
-0.48442 
-0.2064 
-0.85201 
0.36819 
-0.19522 
0.96567 
-0.19563 
0.24134 
-0.69126 
-0.23731 
-0.67773 
0.51622 
0.74222 
-0.29845 
0.37107 
-0.4117 
0.061259 
0.66485 
0.19498 
-0.32938 
-0.40155 
-0.094815 
-0.15471 
-0.28079 
0.11664 
0.48509 
-0.15133 
-0.14129 
-0.75025 
-0.95113 
-0.41963 
-0.36496 
0.30738 
0.91387 
0.87146 
-0.084227 
-0.51904 
0.5278 
0.51865 
0.4813 
0.48738 
-0.78816 
0.36312 
-0.073479 
-0.57567 
-0.80296 
0.64715 
-0.64998 
-0.67286 
0.33197 
0.78878 
0.033116 
0.4054 
-0.69282 
0.90691 
0.081768 
0.35947 
-0.92687 
0.61841 
0.49724 
-0.75963 
0.05009 
-0.34833 
0.092899 
-0.20224 
-0.16981 
-0.63852 
-0.48923 
-0.95893 
0.84735 
0.3074 
0.86523 
-0.67298 
0.84219 
0.58932 
0.15479 
-0.11993 
-0.48477 
0.50389 
-0.54266 
-0.87163 
0.53466 
0.3424 
0.43043 
0.28412 
-0.1619 
-0.21848 
0.63228 
-0.36514 
0.62908 
0.57815 
0.70453 
0.011273 
0.27132 
0.90179 
-0.11207 
-0.87996 
0.7335 
0.26238 
-0.28985 
0.99401 
-0.55166 
0.3049 
0.20998 
-0.22551 
-0.71563 
-0.94973 
-0.15778 
-0.6318 
0.45155 
-0.25927 
0.68312 
0.46846 
0.14205 
-0.64629 
0.91477 
-0.46936 
0.84916 
-0.55246 
-0.25287 
-0.825 
0.28023 
-0.63877 
-0.9099 
0.44635 
-0.30512 
0.32123 
-0.23226 
0.25469 
-0.9567 
0.82114 
0.60112 
0.49169 
0.62623 
-0.23339 
0.23456 
0.15099 
0.060103 
-0.44986 
-0.50274 
-0.096722 
-0.54457 
0.6089 
0.97221 
-0.94002 
0.071328 
-0.82585 
0.60418 
0.97829 
-0.86611 
0.8788 
-0.96364 
0.36768 
0.56747 
0.068275 
0.77072 
0.79801 
0.25188 
-0.72426 
-0.5644 
-0.63572 
-0.91636 
-0.78612 
0.23289 
0.87932 
-0.29109 
-0.17874 
0.9687 
0.89116 
0.35329 
0.9766 
0.53366 
-0.3266 
0.32476 
-0.51167 
-0.40899 
0.36036 
0.055694 
-0.17681 
0.20528 
0.50104 
0.16707 
0.10359 
0.16714 
0.02364 
-0.83481 
0.43914 
0.99231 
-0.29093 
0.94252 
-0.3071 
0.77309 
-0.09061 
-0.17315 
-0.56454 
-0.74869 
-0.38217 
0.45221 
