-0.966030
-0.758280
0.725420
-0.031407
0.689710
-0.581190
0.104580
0.259770
-0.936020
0.229430
-0.275180
-0.900930
-0.020860
-0.614980
-0.753830
-0.589010
-0.706970
-0.621860
-0.914700
0.270400
-0.436270
0.077193
0.390330
-0.001768
0.071602
-0.109630
-0.752140
-0.019285
0.706000
0.747850
-0.459410
-0.583080
0.129960
0.280620
-0.165940
-0.588050
0.895870
-0.835860
-0.788580
-0.715920
-0.667080
0.241920
0.147420
-0.895840
0.862400
0.457320
0.475680
-0.873190
0.720880
0.868810
0.968800
0.717880
0.571120
0.026755
-0.644800
-0.202820
-0.732140
-0.938220
0.878280
-0.397390
-0.408930
-0.334130
-0.065864
0.296400
-0.949540
0.684410
0.118070
0.708200
-0.304240
-0.107950
-0.891520
-0.645780
0.325620
-0.338340
0.796970
-0.763690
0.976840
0.079964
0.413830
0.998980
-0.424300
-0.170950
-0.070320
0.527910
0.636410
-0.799560
-0.643770
-0.280730
-0.886590
0.043771
-0.328300
-0.648660
-0.582110
0.810310
0.350780
-0.063064
0.824260
-0.791980
0.491090
0.472530
0.123720
-0.631610
0.194420
-0.400130
-0.731750
-0.574800
0.789880
-0.857090
-0.515030
-0.892490
-0.116560
-0.973430
0.794380
-0.606680
-0.813260
-0.385270
-0.087885
-0.796660
0.990780
-0.335810
-0.405310
-0.875910
-0.403510
-0.907300
0.010856
0.522850
0.262140
-0.820220
-0.838280
0.554480
0.810270
0.067544
-0.781690
0.651620
-0.323800
-0.412050
0.492630
-0.979330
-0.903110
0.335830
0.206940
0.052205
0.459420
0.414510
0.562750
-0.424050
0.385060
0.113340
-0.206960
-0.876820
0.560350
-0.324830
0.215730
0.482510
-0.790370
-0.744220
0.099080
-0.029541
0.780950
0.597920
0.468680
-0.897340
-0.854230
-0.822950
0.596700
0.886020
0.367430
-0.735830
0.445450
-0.779290
-0.765010
0.281440
-0.342370
0.307620
0.498260
0.166370
0.480060
-0.530350
0.469920
0.941200
0.733860
-0.827530
-0.267130
-0.261600
0.370060
0.195880
0.578730
-0.264690
-0.587940
-0.826670
0.543870
-0.588650
-0.223460
0.103560
-0.542090
0.283880
-0.031039
-0.696310
0.563860
-0.798790
-0.411870
-0.525250
0.061745
-0.817000
-0.189370
-0.790310
-0.775430
0.568860
-0.416860
0.207070
0.928850
-0.135030
0.389500
0.516200
-0.134720
0.311000
-0.780490
0.867520
-0.625080
-0.467640
0.595660
-0.024792
0.537920
-0.207990
-0.454120
-0.925530
0.346590
-0.140870
-0.096522
0.219710
-0.881190
-0.368380
0.545440
0.392870
-0.749340
-0.739700
-0.815300
-0.984360
-0.153780
0.311150
0.445850
0.062419
-0.782360
0.263530
-0.747000
-0.731390
-0.802810
-0.715950
-0.663500
-0.607500
-0.365040
-0.367140
-0.564870
-0.497920
0.785840
0.406450
0.111480
-0.631130
-0.575940
-0.845310
0.827600
0.413430
0.115580
-0.373140
-0.667590
0.244990
0.975870
-0.659140
-0.484420
-0.206400
-0.852010
0.368190
-0.195220
0.965670
-0.195630
0.241340
-0.691260
-0.237310
-0.677730
0.516220
0.742220
-0.298450
0.371070
-0.411700
0.061259
0.664850
0.194980
-0.329380
-0.401550
-0.094815
-0.154710
-0.280790
0.116640
0.485090
-0.151330
-0.141290
-0.750250
-0.951130
-0.419630
-0.364960
0.307380
0.913870
0.871460
-0.084227
-0.519040
0.527800
0.518650
0.481300
0.487380
-0.788160
0.363120
-0.073479
-0.575670
-0.802960
0.647150
-0.649980
-0.672860
0.331970
0.788780
0.033116
0.405400
-0.692820
0.906910
0.081768
0.359470
-0.926870
0.618410
0.497240
-0.759630
0.050090
-0.348330
0.092899
-0.202240
-0.169810
-0.638520
-0.489230
-0.958930
0.847350
0.307400
0.865230
-0.672980
0.842190
0.589320
0.154790
-0.119930
-0.484770
0.503890
-0.542660
-0.871630
0.534660
0.342400
0.430430
0.284120
-0.161900
-0.218480
0.632280
-0.365140
0.629080
0.578150
0.704530
0.011273
0.271320
0.901790
-0.112070
-0.879960
0.733500
0.262380
-0.289850
0.994010
-0.551660
0.304900
0.209980
-0.225510
-0.715630
-0.949730
-0.157780
-0.631800
0.451550
-0.259270
0.683120
0.468460
0.142050
-0.646290
0.914770
-0.469360
0.849160
-0.552460
-0.252870
-0.825000
0.280230
-0.638770
-0.909900
0.446350
-0.305120
0.321230
-0.232260
0.254690
-0.956700
0.821140
0.601120
0.491690
0.626230
-0.233390
0.234560
0.150990
0.060103
-0.449860
-0.502740
-0.096722
-0.544570
0.608900
0.972210
-0.940020
0.071328
-0.825850
0.604180
0.978290
-0.866110
0.878800
-0.963640
0.367680
0.567470
0.068275
0.770720
0.798010
0.251880
-0.724260
-0.564400
-0.635720
-0.916360
-0.786120
0.232890
0.879320
-0.291090
-0.178740
0.968700
0.891160
0.353290
0.976600
0.533660
-0.326600
0.324760
-0.511670
-0.408990
0.360360
0.055694
-0.176810
0.205280
0.501040
0.167070
0.103590
0.167140
0.023640
-0.834810
0.439140
0.992310
-0.290930
0.942520
-0.307100
0.773090
-0.090610
-0.173150
-0.564540
-0.748690
-0.382170
0.452210
