-0.439087
-0.274438
0.130767
-0.048597
0.209049
0.164717
-0.354523
-0.011253
0.372543
-0.221500
0.227453
0.531930
0.129360
0.321967
-0.096224
-0.107980
0.596810
-0.339567
0.231603
-0.809733
0.209330
-0.043397
0.403437
0.194157
-0.319230
0.031977
0.160854
-0.138369
0.283466
-0.518437
0.025993
0.040390
0.044707
-0.056303
0.107050
-0.469403
0.087237
-0.131977
0.022377
0.113573
0.328290
0.052053
-0.246476
-0.701713
-0.442360
0.444523
0.011719
0.064687
0.040806
0.094840
0.404320
-0.633477
0.001533
-0.086330
0.389583
0.212513
0.137983
-0.360959
0.293833
0.047786
-0.328923
-0.679343
-0.124587
0.053753
0.149673
0.591447
0.206817
-0.248987
-0.556787
-0.086653
-0.095093
-0.065822
-0.315039
-0.528627
-0.013943
-0.795503
0.193037
-0.589380
-0.032143
-0.800453
0.254158
-0.224487
0.686730
0.725710
0.205013
0.099687
-0.263403
-0.846490
-0.310290
-0.652553
0.345023
-0.019919
-0.110200
0.045225
0.217580
-0.358497
-0.284934
-0.470450
-0.059530
0.680800
0.069757
-0.111470
-0.023023
-0.240632
-0.394483
0.092430
-0.528627
-0.657657
-0.244163
-0.119510
0.073966
-0.444267
0.261500
-0.238170
-0.859067
0.475420
0.366077
-0.553420
0.249733
-0.061363
0.220073
0.165483
0.100627
0.260640
0.340185
-0.611153
-0.269473
0.276183
-0.087532
-0.213270
-0.079073
0.221727
0.342093
-0.401320
-0.119313
0.255623
0.674517
0.689463
-0.352660
0.085923
-0.288837
-0.297710
0.353783
-0.249762
-0.591940
0.205773
-0.434673
0.348310
0.387730
-0.196107
-0.301240
-0.208547
-0.405070
0.709053
0.355204
0.299633
-0.625063
-0.032073
-0.325443
-0.298217
0.017367
-0.601810
-0.253010
0.018988
-0.470540
-0.137457
-0.304280
0.279540
-0.102048
-0.446979
-0.045273
0.259010
-0.181517
0.149247
-0.627340
0.605813
-0.104937
0.477783
-0.897957
-0.197630
-0.284453
-0.346917
0.397163
-0.093670
-0.100903
0.386297
-0.454619
-0.472633
-0.485993
-0.441962
-0.774323
0.689950
-0.137457
-0.140865
0.430280
0.072173
0.092833
0.571107
-0.049603
0.538627
